Linder
   w_o      w_a      w*    z_pivot
-0.990000000000, -0.200000000000, -1.026283546910, 0.221624315851
-0.990000000000, -0.190000000000, -1.024496475491, 0.221837258027
-0.990000000000, -0.180000000000, -1.022706579231, 0.222050510199
-0.990000000000, -0.170000000000, -1.020913858479, 0.222264117336
-0.990000000000, -0.160000000000, -1.019118310511, 0.222478106944
-0.990000000000, -0.150000000000, -1.017319918424, 0.222692372494
-0.990000000000, -0.140000000000, -1.015518685430, 0.222906991645
-0.990000000000, -0.130000000000, -1.013714605942, 0.223121964712
-0.990000000000, -0.120000000000, -1.011907673115, 0.223337276325
-0.990000000000, -0.110000000000, -1.010097880661, 0.223552912983
-0.990000000000, -0.100000000000, -1.008285223518, 0.223768873945
-0.990000000000, -0.090000000000, -1.006469697319, 0.223985169630
-0.990000000000, -0.080000000000, -1.004651296511, 0.224201793289
-0.990000000000, -0.070000000000, -1.002830016240, 0.224418749084
-0.990000000000, -0.060000000000, -1.001005851477, 0.224636039390
-0.990000000000, -0.050000000000, -0.999178796075, 0.224853634700
-0.990000000000, -0.040000000000, -0.997348846681, 0.225071580465
-0.990000000000, -0.030000000000, -0.995515996590, 0.225289814658
-0.990000000000, -0.020000000000, -0.993680242449, 0.225508402166
-0.990000000000, -0.010000000000, -0.991841578111, 0.225727246779
-0.990000000000, 0.010000000000, -0.988155502081, 0.226166077917
-0.990000000000, 0.020000000000, -0.986308082007, 0.226385787830
-0.990000000000, 0.030000000000, -0.984457732458, 0.226605943618
-0.990000000000, 0.040000000000, -0.982604450081, 0.226826396433
-0.990000000000, 0.050000000000, -0.980748229846, 0.227047167166
-0.990000000000, 0.060000000000, -0.978889067844, 0.227268234935
-0.990000000000, 0.070000000000, -0.977026961138, 0.227489569890
-0.990000000000, 0.080000000000, -0.975161902467, 0.227711238799
-0.990000000000, 0.090000000000, -0.973293889314, 0.227933199376
-0.990000000000, 0.100000000000, -0.971422916651, 0.228155464252
-0.990000000000, 0.110000000000, -0.969548983499, 0.228377986007
-0.990000000000, 0.120000000000, -0.967672080919, 0.228600833224
-0.990000000000, 0.130000000000, -0.965792205557, 0.228823988641
-0.990000000000, 0.140000000000, -0.963909358531, 0.229047391761
-0.990000000000, 0.150000000000, -0.962023530900, 0.229271099542
-0.990000000000, 0.160000000000, -0.960134722386, 0.229495073006
-0.990000000000, 0.170000000000, -0.958242927119, 0.229719332068
-0.990000000000, 0.180000000000, -0.956348139793, 0.229943887602
-0.990000000000, 0.190000000000, -0.954450360686, 0.230168703761
-0.990000000000, 0.200000000000, -0.952549584210, 0.230393796281
-0.980000000000, -0.200000000000, -1.016404896230, 0.222530475488
-0.980000000000, -0.190000000000, -1.014611823857, 0.222744257098
-0.980000000000, -0.180000000000, -1.012815922312, 0.222958371775
-0.980000000000, -0.170000000000, -1.011017185450, 0.223172811329
-0.980000000000, -0.160000000000, -1.009215609916, 0.223387591567
-0.980000000000, -0.150000000000, -1.007411190681, 0.223602715725
-0.980000000000, -0.140000000000, -1.005603919923, 0.223818157984
-0.980000000000, -0.130000000000, -1.003793793172, 0.224033923084
-0.980000000000, -0.120000000000, -1.001980805816, 0.224250015511
-0.980000000000, -0.110000000000, -1.000164952129, 0.224466426045
-0.980000000000, -0.100000000000, -0.998346230295, 0.224683200307
-0.980000000000, -0.090000000000, -0.996524630114, 0.224900264404
-0.980000000000, -0.080000000000, -0.994700149354, 0.225117656596
-0.980000000000, -0.070000000000, -0.992872783542, 0.225335388975
-0.980000000000, -0.060000000000, -0.991042525694, 0.225553418559
-0.980000000000, -0.050000000000, -0.989209372178, 0.225771768403
-0.980000000000, -0.040000000000, -0.987373317964, 0.225990431890
-0.980000000000, -0.030000000000, -0.985534358583, 0.226209421169
-0.980000000000, -0.020000000000, -0.983692488447, 0.226428688080
-0.980000000000, -0.010000000000, -0.981847704202, 0.226648326766
-0.980000000000, 0.010000000000, -0.978149371594, 0.227088479697
-0.980000000000, 0.020000000000, -0.976295814849, 0.227308986067
-0.980000000000, 0.030000000000, -0.974439325556, 0.227529783138
-0.980000000000, 0.040000000000, -0.972579898685, 0.227750902066
-0.980000000000, 0.050000000000, -0.970717530325, 0.227972315630
-0.980000000000, 0.060000000000, -0.968852216005, 0.228194028976
-0.980000000000, 0.070000000000, -0.966983951256, 0.228416044474
-0.980000000000, 0.080000000000, -0.965112732723, 0.228638342364
-0.980000000000, 0.090000000000, -0.963238555938, 0.228860930521
-0.980000000000, 0.100000000000, -0.961361416988, 0.229083805345
-0.980000000000, 0.110000000000, -0.959481313080, 0.229306949286
-0.980000000000, 0.120000000000, -0.957598239183, 0.229530378868
-0.980000000000, 0.130000000000, -0.955712188035, 0.229754131630
-0.980000000000, 0.140000000000, -0.953823164105, 0.229978107710
-0.980000000000, 0.150000000000, -0.951931155098, 0.230202402980
-0.980000000000, 0.160000000000, -0.950036164373, 0.230426941392
-0.980000000000, 0.170000000000, -0.948138185218, 0.230651754486
-0.980000000000, 0.180000000000, -0.946237216526, 0.230876819704
-0.980000000000, 0.190000000000, -0.944333249889, 0.231102177504
-0.980000000000, 0.200000000000, -0.942426287709, 0.231327778411
-0.970000000000, -0.200000000000, -1.006526260078, 0.223438089172
-0.970000000000, -0.190000000000, -1.004727177322, 0.223652643927
-0.970000000000, -0.180000000000, -1.002925264835, 0.223867578606
-0.970000000000, -0.170000000000, -1.001120509207, 0.224082829146
-0.970000000000, -0.160000000000, -0.999312905408, 0.224298393809
-0.970000000000, -0.150000000000, -0.997502450645, 0.224514292651
-0.970000000000, -0.140000000000, -0.995689141005, 0.224730539436
-0.970000000000, -0.130000000000, -0.993872968107, 0.224947100486
-0.970000000000, -0.120000000000, -0.992053924128, 0.225163937730
-0.970000000000, -0.110000000000, -0.990232010186, 0.225381121128
-0.970000000000, -0.100000000000, -0.988407219574, 0.225598631125
-0.970000000000, -0.090000000000, -0.986579545587, 0.225816439301
-0.970000000000, -0.080000000000, -0.984748984873, 0.226034565817
-0.970000000000, -0.070000000000, -0.982915532961, 0.226253018230
-0.970000000000, -0.060000000000, -0.981079184264, 0.226471780923
-0.970000000000, -0.050000000000, -0.979239934310, 0.226690859153
-0.970000000000, -0.040000000000, -0.977397777513, 0.226910221091
-0.970000000000, -0.030000000000, -0.975552710518, 0.227129904212
-0.970000000000, -0.020000000000, -0.973704727739, 0.227349852140
-0.970000000000, -0.010000000000, -0.971853825822, 0.227570118447
-0.970000000000, 0.010000000000, -0.968143245578, 0.228011596168
-0.970000000000, 0.020000000000, -0.966283558309, 0.228232774458
-0.970000000000, 0.030000000000, -0.964420933463, 0.228454270425
-0.970000000000, 0.040000000000, -0.962555368245, 0.228676011262
-0.970000000000, 0.050000000000, -0.960686857067, 0.228898066951
-0.970000000000, 0.060000000000, -0.958815396577, 0.229120404773
-0.970000000000, 0.070000000000, -0.956940983981, 0.229342998770
-0.970000000000, 0.080000000000, -0.955063612573, 0.229565909984
-0.970000000000, 0.090000000000, -0.953183280677, 0.229789087998
-0.970000000000, 0.100000000000, -0.951299984381, 0.230012536434
-0.970000000000, 0.110000000000, -0.949413717538, 0.230236288443
-0.970000000000, 0.120000000000, -0.947524481546, 0.230460271078
-0.970000000000, 0.130000000000, -0.945632269001, 0.230684536363
-0.970000000000, 0.140000000000, -0.943737076409, 0.230909079255
-0.970000000000, 0.150000000000, -0.941838902794, 0.231133870713
-0.970000000000, 0.160000000000, -0.939937741589, 0.231358941933
-0.970000000000, 0.170000000000, -0.938033591397, 0.231584270751
-0.970000000000, 0.180000000000, -0.936126450822, 0.231809839955
-0.970000000000, 0.190000000000, -0.934216312319, 0.232035685090
-0.970000000000, 0.200000000000, -0.932303180080, 0.232261745590
-0.960000000000, -0.200000000000, -0.996647608280, 0.224346934222
-0.960000000000, -0.190000000000, -0.994842521846, 0.224562310892
-0.960000000000, -0.180000000000, -0.993034594506, 0.224778031231
-0.960000000000, -0.170000000000, -0.991223815084, 0.224994044204
-0.960000000000, -0.160000000000, -0.989410182461, 0.225210380223
-0.960000000000, -0.150000000000, -0.987593691051, 0.225427033034
-0.960000000000, -0.140000000000, -0.985774337500, 0.225644018483
-0.960000000000, -0.130000000000, -0.983952114113, 0.225861307014
-0.960000000000, -0.120000000000, -0.982127016038, 0.226078894726
-0.960000000000, -0.110000000000, -0.980299041420, 0.226296817131
-0.960000000000, -0.100000000000, -0.978468183707, 0.226515053230
-0.960000000000, -0.090000000000, -0.976634436194, 0.226733569959
-0.960000000000, -0.080000000000, -0.974797796924, 0.226952406905
-0.960000000000, -0.070000000000, -0.972958260030, 0.227171542037
-0.960000000000, -0.060000000000, -0.971115821600, 0.227390987509
-0.960000000000, -0.050000000000, -0.969270477444, 0.227610756575
-0.960000000000, -0.040000000000, -0.967422220856, 0.227830780703
-0.960000000000, -0.030000000000, -0.965571049601, 0.228051124171
-0.960000000000, -0.020000000000, -0.963716958091, 0.228271726583
-0.960000000000, -0.010000000000, -0.961859942973, 0.228492621908
-0.960000000000, 0.010000000000, -0.958137124032, 0.228935427424
-0.960000000000, 0.020000000000, -0.956271311268, 0.229157236951
-0.960000000000, 0.030000000000, -0.954402558692, 0.229379278579
-0.960000000000, 0.040000000000, -0.952530861273, 0.229601628553
-0.960000000000, 0.050000000000, -0.950656215101, 0.229824268570
-0.960000000000, 0.060000000000, -0.948778617382, 0.230047164520
-0.960000000000, 0.070000000000, -0.946898062527, 0.230270362309
-0.960000000000, 0.080000000000, -0.945014548302, 0.230493821610
-0.960000000000, 0.090000000000, -0.943128070235, 0.230717557710
-0.960000000000, 0.100000000000, -0.941238627210, 0.230941529098
-0.960000000000, 0.110000000000, -0.939346213639, 0.231165770994
-0.960000000000, 0.120000000000, -0.937450826168, 0.231390278755
-0.960000000000, 0.130000000000, -0.935552456975, 0.231615101398
-0.960000000000, 0.140000000000, -0.933651115140, 0.231840090857
-0.960000000000, 0.150000000000, -0.931746784598, 0.232065392903
-0.960000000000, 0.160000000000, -0.929839469120, 0.232290928826
-0.960000000000, 0.170000000000, -0.927929166052, 0.232516695818
-0.960000000000, 0.180000000000, -0.926015867293, 0.232742737739
-0.960000000000, 0.190000000000, -0.924099576473, 0.232968995427
-0.960000000000, 0.200000000000, -0.922180287167, 0.233195498005
-0.950000000000, -0.200000000000, -0.986768936366, 0.225256979568
-0.950000000000, -0.190000000000, -0.984957844019, 0.225473154690
-0.950000000000, -0.180000000000, -0.983143892884, 0.225689578290
-0.950000000000, -0.170000000000, -0.981327089667, 0.225906340266
-0.950000000000, -0.160000000000, -0.979507425008, 0.226123402119
-0.950000000000, -0.150000000000, -0.977684895694, 0.226340776566
-0.950000000000, -0.140000000000, -0.975859497115, 0.226558464887
-0.950000000000, -0.130000000000, -0.974031224102, 0.226776462199
-0.950000000000, -0.120000000000, -0.972200072743, 0.226994777661
-0.950000000000, -0.110000000000, -0.970366036892, 0.227213393068
-0.950000000000, -0.100000000000, -0.968529110402, 0.227432282786
-0.950000000000, -0.090000000000, -0.966689291596, 0.227651484481
-0.950000000000, -0.080000000000, -0.964846578240, 0.227871044059
-0.950000000000, -0.070000000000, -0.963000956923, 0.228090792773
-0.950000000000, -0.060000000000, -0.961152433231, 0.228310926608
-0.950000000000, -0.050000000000, -0.959300995991, 0.228531292522
-0.950000000000, -0.040000000000, -0.957446644676, 0.228751985851
-0.950000000000, -0.030000000000, -0.955589373037, 0.228972940586
-0.950000000000, -0.020000000000, -0.953729177266, 0.229194142632
-0.950000000000, -0.010000000000, -0.951866054535, 0.229415668315
-0.950000000000, 0.010000000000, -0.948131009191, 0.229859635472
-0.950000000000, 0.020000000000, -0.946259078756, 0.230081992970
-0.950000000000, 0.030000000000, -0.944384204596, 0.230304637641
-0.950000000000, 0.040000000000, -0.942506383080, 0.230527552128
-0.950000000000, 0.050000000000, -0.940625610575, 0.230750733151
-0.950000000000, 0.060000000000, -0.938741884148, 0.230974162142
-0.950000000000, 0.070000000000, -0.936855199188, 0.231197867561
-0.950000000000, 0.080000000000, -0.934965551086, 0.231421863787
-0.950000000000, 0.090000000000, -0.933072939143, 0.231646093014
-0.950000000000, 0.100000000000, -0.931177360564, 0.231870552389
-0.950000000000, 0.110000000000, -0.929278805852, 0.232095332709
-0.950000000000, 0.120000000000, -0.927377278358, 0.232320332051
-0.950000000000, 0.130000000000, -0.925472775288, 0.232545551638
-0.950000000000, 0.140000000000, -0.923565291613, 0.232771016665
-0.950000000000, 0.150000000000, -0.921654821187, 0.232996757022
-0.950000000000, 0.160000000000, -0.919741366804, 0.233222710241
-0.950000000000, 0.170000000000, -0.917824923224, 0.233448900414
-0.950000000000, 0.180000000000, -0.915905486047, 0.233675339265
-0.950000000000, 0.190000000000, -0.913983055484, 0.233901999174
-0.950000000000, 0.200000000000, -0.912057627551, 0.234128889964
-0.940000000000, -0.200000000000, -0.976890224777, 0.226168080526
-0.940000000000, -0.190000000000, -0.975073110312, 0.226384912154
-0.940000000000, -0.180000000000, -0.973253143206, 0.226602081522
-0.940000000000, -0.170000000000, -0.971430312842, 0.226819541032
-0.940000000000, -0.160000000000, -0.969604619220, 0.227037330945
-0.940000000000, -0.150000000000, -0.967776051164, 0.227255390029
-0.940000000000, -0.140000000000, -0.965944607556, 0.227473747623
-0.940000000000, -0.130000000000, -0.964110287279, 0.227692442064
-0.940000000000, -0.120000000000, -0.962273079157, 0.227911398054
-0.940000000000, -0.110000000000, -0.960432983190, 0.228130665925
-0.940000000000, -0.100000000000, -0.958589994907, 0.228350248673
-0.940000000000, -0.090000000000, -0.956744105369, 0.228570075530
-0.940000000000, -0.080000000000, -0.954895315692, 0.228790229921
-0.940000000000, -0.070000000000, -0.953043618053, 0.229010650034
-0.940000000000, -0.060000000000, -0.951189009100, 0.229231345112
-0.940000000000, -0.050000000000, -0.949331486039, 0.229452348512
-0.940000000000, -0.040000000000, -0.947471043840, 0.229673642256
-0.940000000000, -0.030000000000, -0.945607677475, 0.229895183978
-0.940000000000, -0.020000000000, -0.943741384149, 0.230117015052
-0.940000000000, -0.010000000000, -0.941872159392, 0.230339087816
-0.940000000000, 0.010000000000, -0.938124902174, 0.230784049579
-0.940000000000, 0.020000000000, -0.936246860772, 0.231007040696
-0.940000000000, 0.030000000000, -0.934365874529, 0.231230176632
-0.940000000000, 0.040000000000, -0.932481937855, 0.231453621332
-0.940000000000, 0.050000000000, -0.930595048796, 0.231677297662
-0.940000000000, 0.060000000000, -0.928705202602, 0.231901250683
-0.940000000000, 0.070000000000, -0.926812397037, 0.232125445346
-0.940000000000, 0.080000000000, -0.924916629237, 0.232349876143
-0.940000000000, 0.090000000000, -0.923017892987, 0.232574596703
-0.940000000000, 0.100000000000, -0.921116191708, 0.232799492862
-0.940000000000, 0.110000000000, -0.919211514015, 0.233024696586
-0.940000000000, 0.120000000000, -0.917303862423, 0.233250119905
-0.940000000000, 0.130000000000, -0.915393234137, 0.233475764018
-0.940000000000, 0.140000000000, -0.913479623571, 0.233701660214
-0.940000000000, 0.150000000000, -0.911563029885, 0.233927783320
-0.940000000000, 0.160000000000, -0.909643450566, 0.234154130439
-0.940000000000, 0.170000000000, -0.907720882818, 0.234380701905
-0.940000000000, 0.180000000000, -0.905795323849, 0.234607498021
-0.940000000000, 0.190000000000, -0.903866775613, 0.234834480951
-0.940000000000, 0.200000000000, -0.901935230009, 0.235061697128
-0.930000000000, -0.200000000000, -0.967011447251, 0.227080041062
-0.930000000000, -0.190000000000, -0.965188318491, 0.227297566618
-0.930000000000, -0.180000000000, -0.963362333179, 0.227515439257
-0.930000000000, -0.170000000000, -0.961533473991, 0.227733553370
-0.930000000000, -0.160000000000, -0.959701748192, 0.227952008413
-0.930000000000, -0.150000000000, -0.957867142931, 0.228170728167
-0.930000000000, -0.140000000000, -0.956029656529, 0.228389734880
-0.930000000000, -0.130000000000, -0.954189287871, 0.228609064096
-0.930000000000, -0.120000000000, -0.952346029133, 0.228828678794
-0.930000000000, -0.110000000000, -0.950499874726, 0.229048559018
-0.930000000000, -0.100000000000, -0.948650822276, 0.229268725242
-0.930000000000, -0.090000000000, -0.946798865497, 0.229489141271
-0.930000000000, -0.080000000000, -0.944944006205, 0.229709905771
-0.930000000000, -0.070000000000, -0.943086234480, 0.229930920237
-0.930000000000, -0.060000000000, -0.941225548089, 0.230152213887
-0.930000000000, -0.050000000000, -0.939361942559, 0.230373771512
-0.930000000000, -0.040000000000, -0.937495414540, 0.230595604717
-0.930000000000, -0.030000000000, -0.935625960119, 0.230817712064
-0.930000000000, -0.020000000000, -0.933753575385, 0.231040088726
-0.930000000000, -0.010000000000, -0.931878256425, 0.231262709537
-0.930000000000, 0.010000000000, -0.928118802980, 0.231708667539
-0.930000000000, 0.020000000000, -0.926234660670, 0.231932123888
-0.930000000000, 0.030000000000, -0.924347571284, 0.232155751824
-0.930000000000, 0.040000000000, -0.922457529791, 0.232379674545
-0.930000000000, 0.050000000000, -0.920564534515, 0.232603815072
-0.930000000000, 0.060000000000, -0.918668580428, 0.232828232766
-0.930000000000, 0.070000000000, -0.916769666830, 0.233052859188
-0.930000000000, 0.080000000000, -0.914867789671, 0.233277723905
-0.930000000000, 0.090000000000, -0.912962944619, 0.233502848186
-0.930000000000, 0.100000000000, -0.911055131257, 0.233728185369
-0.930000000000, 0.110000000000, -0.909144343436, 0.233953785068
-0.930000000000, 0.120000000000, -0.907230585068, 0.234179552818
-0.930000000000, 0.130000000000, -0.905313846096, 0.234405586906
-0.930000000000, 0.140000000000, -0.903394128196, 0.234631829949
-0.930000000000, 0.150000000000, -0.901471428573, 0.234858285294
-0.930000000000, 0.160000000000, -0.899545743316, 0.235084966159
-0.930000000000, 0.170000000000, -0.897617071867, 0.235311852619
-0.930000000000, 0.180000000000, -0.895685411990, 0.235538943410
-0.930000000000, 0.190000000000, -0.893750761449, 0.235766237571
-0.930000000000, 0.200000000000, -0.891813114658, 0.235993759979
-0.920000000000, -0.200000000000, -0.957132591013, 0.227992765675
-0.920000000000, -0.190000000000, -0.955303448159, 0.228210957123
-0.920000000000, -0.180000000000, -0.953471436817, 0.228429434440
-0.920000000000, -0.170000000000, -0.951636558027, 0.228648243901
-0.920000000000, -0.160000000000, -0.949798795860, 0.228867283196
-0.920000000000, -0.150000000000, -0.947958156466, 0.229086644851
-0.920000000000, -0.140000000000, -0.946114629507, 0.229306269928
-0.920000000000, -0.130000000000, -0.944268214703, 0.229526198147
-0.920000000000, -0.120000000000, -0.942418904789, 0.229746394425
-0.920000000000, -0.110000000000, -0.940566695854, 0.229966856871
-0.920000000000, -0.100000000000, -0.938711585943, 0.230187612339
-0.920000000000, -0.090000000000, -0.936853568349, 0.230408619650
-0.920000000000, -0.080000000000, -0.934992641676, 0.230629917332
-0.920000000000, -0.070000000000, -0.933128800616, 0.230851481203
-0.920000000000, -0.060000000000, -0.931262041256, 0.231073306023
-0.920000000000, -0.050000000000, -0.929392359406, 0.231295373686
-0.920000000000, -0.040000000000, -0.927519752830, 0.231517721862
-0.920000000000, -0.030000000000, -0.925644217059, 0.231740325191
-0.920000000000, -0.020000000000, -0.923765748739, 0.231963191819
-0.920000000000, -0.010000000000, -0.921884343959, 0.232186276742
-0.920000000000, 0.010000000000, -0.918112712726, 0.232633317331
-0.920000000000, 0.020000000000, -0.916222479567, 0.232857154634
-0.920000000000, 0.030000000000, -0.914329297096, 0.233081246951
-0.920000000000, 0.040000000000, -0.912433163077, 0.233305549184
-0.920000000000, 0.050000000000, -0.910534072481, 0.233530137474
-0.920000000000, 0.060000000000, -0.908632024750, 0.233754924009
-0.920000000000, 0.070000000000, -0.906727015972, 0.233979944131
-0.920000000000, 0.080000000000, -0.904819042236, 0.234205215640
-0.920000000000, 0.090000000000, -0.902908104658, 0.234430663395
-0.920000000000, 0.100000000000, -0.900994194299, 0.234656395628
-0.920000000000, 0.110000000000, -0.899077315209, 0.234882301306
-0.920000000000, 0.120000000000, -0.897157460824, 0.235108441315
-0.920000000000, 0.130000000000, -0.895234631002, 0.235334782498
-0.920000000000, 0.140000000000, -0.893308820575, 0.235561356027
-0.920000000000, 0.150000000000, -0.891380032897, 0.235788098091
-0.920000000000, 0.160000000000, -0.889448260702, 0.236015062173
-0.920000000000, 0.170000000000, -0.887513505667, 0.236242208901
-0.920000000000, 0.180000000000, -0.885575761646, 0.236469574088
-0.920000000000, 0.190000000000, -0.883635029197, 0.236697132115
-0.920000000000, 0.200000000000, -0.881691308320, 0.236924866764
-0.910000000000, -0.200000000000, -0.947253635188, 0.228906097111
-0.910000000000, -0.190000000000, -0.945418475568, 0.229124895090
-0.910000000000, -0.180000000000, -0.943580447137, 0.229344008234
-0.910000000000, -0.170000000000, -0.941739535332, 0.229563349204
-0.910000000000, -0.160000000000, -0.939895751362, 0.229783052246
-0.910000000000, -0.150000000000, -0.938049075007, 0.230002970532
-0.910000000000, -0.140000000000, -0.936199509725, 0.230223170934
-0.910000000000, -0.130000000000, -0.934347053245, 0.230443674241
-0.910000000000, -0.120000000000, -0.932491696626, 0.230664423928
-0.910000000000, -0.110000000000, -0.930633437075, 0.230885427383
-0.910000000000, -0.100000000000, -0.928772275150, 0.231106745689
-0.910000000000, -0.090000000000, -0.926908200234, 0.231328278799
-0.910000000000, -0.080000000000, -0.925041211210, 0.231550056434
-0.910000000000, -0.070000000000, -0.923171306401, 0.231772113126
-0.910000000000, -0.060000000000, -0.921298482455, 0.231994463929
-0.910000000000, -0.050000000000, -0.919422731549, 0.232217000014
-0.910000000000, -0.040000000000, -0.917544054799, 0.232439842747
-0.910000000000, -0.030000000000, -0.915662446618, 0.232662935720
-0.910000000000, -0.020000000000, -0.913777903095, 0.232886236409
-0.910000000000, -0.010000000000, -0.911890421435, 0.233109701095
-0.910000000000, 0.010000000000, -0.908106633648, 0.233557655850
-0.910000000000, 0.020000000000, -0.906210320815, 0.233781874381
-0.910000000000, 0.030000000000, -0.904311058111, 0.234006346512
-0.910000000000, 0.040000000000, -0.902408842742, 0.234231049775
-0.910000000000, 0.050000000000, -0.900503671356, 0.234455996867
-0.910000000000, 0.060000000000, -0.898595541716, 0.234681163781
-0.910000000000, 0.070000000000, -0.896684451029, 0.234906552496
-0.910000000000, 0.080000000000, -0.894770397898, 0.235132137465
-0.910000000000, 0.090000000000, -0.892853378691, 0.235357942450
-0.910000000000, 0.100000000000, -0.890933391452, 0.235583956216
-0.910000000000, 0.110000000000, -0.889010434505, 0.235810167788
-0.910000000000, 0.120000000000, -0.887084503658, 0.236036601913
-0.910000000000, 0.130000000000, -0.885155600868, 0.236263203545
-0.910000000000, 0.140000000000, -0.883223719569, 0.236490026410
-0.910000000000, 0.150000000000, -0.881288860738, 0.236717033097
-0.910000000000, 0.160000000000, -0.879351021722, 0.236944230282
-0.910000000000, 0.170000000000, -0.877410202101, 0.237171602988
-0.910000000000, 0.180000000000, -0.875466399360, 0.237399157409
-0.910000000000, 0.190000000000, -0.873519612104, 0.237626889466
-0.910000000000, 0.200000000000, -0.871569838375, 0.237854800201
-0.900000000000, -0.200000000000, -0.937374562025, 0.229819900813
-0.900000000000, -0.190000000000, -0.935533387586, 0.230039275357
-0.900000000000, -0.180000000000, -0.933689339552, 0.230258953442
-0.900000000000, -0.170000000000, -0.931842408702, 0.230478892999
-0.900000000000, -0.160000000000, -0.929992590845, 0.230699088917
-0.900000000000, -0.150000000000, -0.928139886260, 0.230919579807
-0.900000000000, -0.140000000000, -0.926284287125, 0.231140327579
-0.900000000000, -0.130000000000, -0.924425790086, 0.231361334424
-0.900000000000, -0.120000000000, -0.922564391792, 0.231582603186
-0.900000000000, -0.110000000000, -0.920700088888, 0.231804137661
-0.900000000000, -0.100000000000, -0.918832876906, 0.232025926112
-0.900000000000, -0.090000000000, -0.916962750256, 0.232247932603
-0.900000000000, -0.080000000000, -0.915089710057, 0.232470230375
-0.900000000000, -0.070000000000, -0.913213748485, 0.232692740448
-0.900000000000, -0.060000000000, -0.911334865121, 0.232915518459
-0.900000000000, -0.050000000000, -0.909453055076, 0.233138528540
-0.900000000000, -0.040000000000, -0.907568315417, 0.233361773025
-0.900000000000, -0.030000000000, -0.905680642650, 0.233585228740
-0.900000000000, -0.020000000000, -0.903790035099, 0.233808963924
-0.900000000000, -0.010000000000, -0.901896488294, 0.234032893739
-0.900000000000, 0.010000000000, -0.898100566864, 0.234481508254
-0.900000000000, 0.020000000000, -0.896198186651, 0.234706108225
-0.900000000000, 0.030000000000, -0.894292856008, 0.234930960376
-0.900000000000, 0.040000000000, -0.892384572979, 0.235156011656
-0.900000000000, 0.050000000000, -0.890473334491, 0.235381285691
-0.900000000000, 0.060000000000, -0.888559138030, 0.235606776281
-0.900000000000, 0.070000000000, -0.886641982617, 0.235832447347
-0.900000000000, 0.080000000000, -0.884721865878, 0.236058307580
-0.900000000000, 0.090000000000, -0.882798782084, 0.236284418824
-0.900000000000, 0.100000000000, -0.880872734729, 0.236510677361
-0.900000000000, 0.110000000000, -0.878943717945, 0.236737147277
-0.900000000000, 0.120000000000, -0.877011732012, 0.236963793050
-0.900000000000, 0.130000000000, -0.875076770782, 0.237190665757
-0.900000000000, 0.140000000000, -0.873138839565, 0.237417676706
-0.900000000000, 0.150000000000, -0.871197932214, 0.237644877767
-0.900000000000, 0.160000000000, -0.869254048169, 0.237872254424
-0.900000000000, 0.170000000000, -0.867307184637, 0.238099815752
-0.900000000000, 0.180000000000, -0.865357347205, 0.238327497445
-0.900000000000, 0.190000000000, -0.863404525816, 0.238555375005
-0.900000000000, 0.200000000000, -0.861448723823, 0.238783406052
-0.890000000000, -0.200000000000, -0.927495345846, 0.230733981380
-0.890000000000, -0.190000000000, -0.925648158789, 0.230953894096
-0.890000000000, -0.180000000000, -0.923798100650, 0.231174155744
-0.890000000000, -0.170000000000, -0.921945150336, 0.231394626223
-0.890000000000, -0.160000000000, -0.920089309104, 0.231615342019
-0.890000000000, -0.150000000000, -0.918230575416, 0.231836321086
-0.890000000000, -0.140000000000, -0.916368944943, 0.232057556182
-0.890000000000, -0.130000000000, -0.914504414611, 0.232279052437
-0.890000000000, -0.120000000000, -0.912636977434, 0.232500767104
-0.890000000000, -0.110000000000, -0.910766636208, 0.232722776831
-0.890000000000, -0.100000000000, -0.908893381432, 0.232945002087
-0.890000000000, -0.090000000000, -0.907017213106, 0.233167488259
-0.890000000000, -0.080000000000, -0.905138124526, 0.233390175890
-0.890000000000, -0.070000000000, -0.903256116807, 0.233613141393
-0.890000000000, -0.060000000000, -0.901371183246, 0.233836313641
-0.890000000000, -0.050000000000, -0.899483323283, 0.234059751491
-0.890000000000, -0.040000000000, -0.897592530772, 0.234283359762
-0.890000000000, -0.030000000000, -0.895698805153, 0.234507199722
-0.890000000000, -0.020000000000, -0.893802143633, 0.234731284641
-0.890000000000, -0.010000000000, -0.891902542859, 0.234955594857
-0.890000000000, 0.010000000000, -0.888094512373, 0.235404869242
-0.890000000000, 0.020000000000, -0.886186078191, 0.235629765545
-0.890000000000, 0.030000000000, -0.884274693578, 0.235854940991
-0.890000000000, 0.040000000000, -0.882360358536, 0.236080247850
-0.890000000000, 0.050000000000, -0.880443067476, 0.236305827432
-0.890000000000, 0.060000000000, -0.878522821516, 0.236531556197
-0.890000000000, 0.070000000000, -0.876599617302, 0.236757478871
-0.890000000000, 0.080000000000, -0.874673452601, 0.236983596558
-0.890000000000, 0.090000000000, -0.872744326293, 0.237209890939
-0.890000000000, 0.100000000000, -0.870812235028, 0.237436385294
-0.890000000000, 0.110000000000, -0.868877177511, 0.237663065825
-0.890000000000, 0.120000000000, -0.866939154267, 0.237889900185
-0.890000000000, 0.130000000000, -0.864998162538, 0.238116904695
-0.890000000000, 0.140000000000, -0.863054199703, 0.238344089541
-0.890000000000, 0.150000000000, -0.861107266322, 0.238571429739
-0.890000000000, 0.160000000000, -0.859157359600, 0.238798938717
-0.890000000000, 0.170000000000, -0.857204482952, 0.239026570726
-0.890000000000, 0.180000000000, -0.855248628929, 0.239254382826
-0.890000000000, 0.190000000000, -0.853289799392, 0.239482344900
-0.890000000000, 0.200000000000, -0.851327995956, 0.239710434726
-0.880000000000, -0.200000000000, -0.917615975160, 0.231648249865
-0.880000000000, -0.190000000000, -0.915762781352, 0.231868686853
-0.880000000000, -0.180000000000, -0.913906706125, 0.232089408248
-0.880000000000, -0.170000000000, -0.912047738582, 0.232310353252
-0.880000000000, -0.160000000000, -0.910185880121, 0.232531562429
-0.880000000000, -0.150000000000, -0.908321124315, 0.232753007914
-0.880000000000, -0.140000000000, -0.906453470886, 0.232974720514
-0.880000000000, -0.130000000000, -0.904582909914, 0.233196627735
-0.880000000000, -0.120000000000, -0.902709446847, 0.233418827538
-0.880000000000, -0.110000000000, -0.900833070651, 0.233641225539
-0.880000000000, -0.100000000000, -0.898953780904, 0.233863850972
-0.880000000000, -0.090000000000, -0.897071576491, 0.234086734219
-0.880000000000, -0.080000000000, -0.895186450705, 0.234309814385
-0.880000000000, -0.070000000000, -0.893298404105, 0.234533153699
-0.880000000000, -0.060000000000, -0.891407429427, 0.234756657085
-0.880000000000, -0.050000000000, -0.889513529465, 0.234980459862
-0.880000000000, -0.040000000000, -0.887616696395, 0.235204427809
-0.880000000000, -0.030000000000, -0.885716929659, 0.235428616687
-0.880000000000, -0.020000000000, -0.883814226463, 0.235653022997
-0.880000000000, -0.010000000000, -0.881908584014, 0.235877628438
-0.880000000000, 0.010000000000, -0.878088472411, 0.236327391852
-0.880000000000, 0.020000000000, -0.876173997670, 0.236552669758
-0.880000000000, 0.030000000000, -0.874256575853, 0.236778025978
-0.880000000000, 0.040000000000, -0.872336203046, 0.237003613038
-0.880000000000, 0.050000000000, -0.870412878133, 0.237229376116
-0.880000000000, 0.060000000000, -0.868486598879, 0.237455325535
-0.880000000000, 0.070000000000, -0.866557363048, 0.237681465813
-0.880000000000, 0.080000000000, -0.864625171199, 0.237907745778
-0.880000000000, 0.090000000000, -0.862690016627, 0.238134260740
-0.880000000000, 0.100000000000, -0.860751906037, 0.238360862390
-0.880000000000, 0.110000000000, -0.858810829371, 0.238587690024
-0.880000000000, 0.120000000000, -0.856866791099, 0.238814650905
-0.880000000000, 0.130000000000, -0.854919787869, 0.239041773154
-0.880000000000, 0.140000000000, -0.852969816327, 0.239269076924
-0.880000000000, 0.150000000000, -0.851016880805, 0.239496498361
-0.880000000000, 0.160000000000, -0.849060977250, 0.239724070039
-0.880000000000, 0.170000000000, -0.847102104127, 0.239951794190
-0.880000000000, 0.180000000000, -0.845140264928, 0.240179629608
-0.880000000000, 0.190000000000, -0.843175452948, 0.240407626312
-0.880000000000, 0.200000000000, -0.841207677126, 0.240635703992
-0.870000000000, -0.200000000000, -0.907736424822, 0.232562513066
-0.870000000000, -0.190000000000, -0.905877229571, 0.232783445766
-0.870000000000, -0.180000000000, -0.904015141726, 0.233004587788
-0.870000000000, -0.170000000000, -0.902150161564, 0.233225964783
-0.870000000000, -0.160000000000, -0.900282289088, 0.233447606150
-0.870000000000, -0.150000000000, -0.898411518708, 0.233669492422
-0.870000000000, -0.140000000000, -0.896537843440, 0.233891583275
-0.870000000000, -0.130000000000, -0.894661264412, 0.234113920906
-0.870000000000, -0.120000000000, -0.892781775445, 0.234336468794
-0.870000000000, -0.110000000000, -0.890899376571, 0.234559263077
-0.870000000000, -0.100000000000, -0.889014061913, 0.234782264205
-0.870000000000, -0.090000000000, -0.887125830213, 0.235005493202
-0.870000000000, -0.080000000000, -0.885234677419, 0.235228928259
-0.870000000000, -0.070000000000, -0.883340601437, 0.235452577597
-0.870000000000, -0.060000000000, -0.881443599053, 0.235676426372
-0.870000000000, -0.050000000000, -0.879543669149, 0.235900511702
-0.870000000000, -0.040000000000, -0.877640807256, 0.236124779644
-0.870000000000, -0.030000000000, -0.875735011697, 0.236349246295
-0.870000000000, -0.020000000000, -0.873826280236, 0.236573916955
-0.870000000000, -0.010000000000, -0.871914610639, 0.236798817445
-0.870000000000, 0.010000000000, -0.868082446977, 0.237249069229
-0.870000000000, 0.020000000000, -0.866161949560, 0.237474472105
-0.870000000000, 0.030000000000, -0.864238505065, 0.237700094086
-0.870000000000, 0.040000000000, -0.862312113494, 0.237925832608
-0.870000000000, 0.050000000000, -0.860382771492, 0.238151769992
-0.870000000000, 0.060000000000, -0.858450476825, 0.238377905266
-0.870000000000, 0.070000000000, -0.856515229493, 0.238604189127
-0.870000000000, 0.080000000000, -0.854577028938, 0.238830607665
-0.870000000000, 0.090000000000, -0.852635871246, 0.239057210378
-0.870000000000, 0.100000000000, -0.850691756979, 0.239283958416
-0.870000000000, 0.110000000000, -0.848744684458, 0.239510858279
-0.870000000000, 0.120000000000, -0.846794653824, 0.239737891089
-0.870000000000, 0.130000000000, -0.844841663539, 0.239965063614
-0.870000000000, 0.140000000000, -0.842885709554, 0.240192408350
-0.870000000000, 0.150000000000, -0.840926797315, 0.240419851761
-0.870000000000, 0.160000000000, -0.838964922354, 0.240647434046
-0.870000000000, 0.170000000000, -0.837000082433, 0.240875165771
-0.870000000000, 0.180000000000, -0.835032284260, 0.241102978683
-0.870000000000, 0.190000000000, -0.833061522245, 0.241330918527
-0.870000000000, 0.200000000000, -0.831087796390, 0.241558978904
-0.860000000000, -0.200000000000, -0.897856672481, 0.233476597896
-0.860000000000, -0.190000000000, -0.895991475508, 0.233697943839
-0.860000000000, -0.180000000000, -0.894123387337, 0.233919520845
-0.860000000000, -0.170000000000, -0.892252403498, 0.234141315832
-0.860000000000, -0.160000000000, -0.890378518403, 0.234363301732
-0.860000000000, -0.150000000000, -0.888501738477, 0.234585566249
-0.860000000000, -0.140000000000, -0.886622053385, 0.234808039655
-0.860000000000, -0.130000000000, -0.884739460051, 0.235030715813
-0.860000000000, -0.120000000000, -0.882853959175, 0.235253634432
-0.860000000000, -0.110000000000, -0.880965542793, 0.235476729471
-0.860000000000, -0.100000000000, -0.879074213281, 0.235700066131
-0.860000000000, -0.090000000000, -0.877179965191, 0.235923605853
-0.860000000000, -0.080000000000, -0.875282795168, 0.236147330656
-0.860000000000, -0.070000000000, -0.873382702097, 0.236371260958
-0.860000000000, -0.060000000000, -0.871479683602, 0.236595398680
-0.860000000000, -0.050000000000, -0.869573736191, 0.236819712947
-0.860000000000, -0.040000000000, -0.867664858885, 0.237044237966
-0.860000000000, -0.030000000000, -0.865753047913, 0.237268910861
-0.860000000000, -0.020000000000, -0.863838302717, 0.237493788512
-0.860000000000, -0.010000000000, -0.861920620501, 0.237718812600
-0.860000000000, 0.010000000000, -0.858076438308, 0.238169551842
-0.860000000000, 0.020000000000, -0.856149934977, 0.238395078873
-0.860000000000, 0.030000000000, -0.854220486805, 0.238620851915
-0.860000000000, 0.040000000000, -0.852288093790, 0.238846748267
-0.860000000000, 0.050000000000, -0.850352752581, 0.239072846377
-0.860000000000, 0.060000000000, -0.848414464295, 0.239299058119
-0.860000000000, 0.070000000000, -0.846473226417, 0.239525425434
-0.860000000000, 0.080000000000, -0.844529037550, 0.239751947918
-0.860000000000, 0.090000000000, -0.842581897974, 0.239978596760
-0.860000000000, 0.100000000000, -0.840631805174, 0.240205397661
-0.860000000000, 0.110000000000, -0.838678759150, 0.240432331870
-0.860000000000, 0.120000000000, -0.836722759344, 0.240659394069
-0.860000000000, 0.130000000000, -0.834763806313, 0.240886567363
-0.860000000000, 0.140000000000, -0.832801895589, 0.241113895023
-0.860000000000, 0.150000000000, -0.830837030523, 0.241341328493
-0.860000000000, 0.160000000000, -0.828869211115, 0.241568863623
-0.860000000000, 0.170000000000, -0.826898435690, 0.241796512457
-0.860000000000, 0.180000000000, -0.824924701452, 0.242024293970
-0.860000000000, 0.190000000000, -0.822948016226, 0.242252136954
-0.860000000000, 0.200000000000, -0.820968375821, 0.242480077098
-0.850000000000, -0.200000000000, -0.887976703048, 0.234390385593
-0.850000000000, -0.190000000000, -0.886105507426, 0.234612082746
-0.850000000000, -0.180000000000, -0.884231420606, 0.234834013947
-0.850000000000, -0.170000000000, -0.882354437560, 0.235056161537
-0.850000000000, -0.160000000000, -0.880474555492, 0.235278524681
-0.850000000000, -0.150000000000, -0.878591772169, 0.235501107953
-0.850000000000, -0.140000000000, -0.876706083119, 0.235723892810
-0.850000000000, -0.130000000000, -0.874817486107, 0.235946881177
-0.850000000000, -0.120000000000, -0.872925978899, 0.236170075567
-0.850000000000, -0.110000000000, -0.871031559817, 0.236393487110
-0.850000000000, -0.100000000000, -0.869134224951, 0.236617097156
-0.850000000000, -0.090000000000, -0.867233970109, 0.236840873898
-0.850000000000, -0.080000000000, -0.865330794454, 0.237064833627
-0.850000000000, -0.070000000000, -0.863424697705, 0.237289014109
-0.850000000000, -0.060000000000, -0.861515675113, 0.237513364151
-0.850000000000, -0.050000000000, -0.859603725001, 0.237737885523
-0.850000000000, -0.040000000000, -0.857688846812, 0.237962624448
-0.850000000000, -0.030000000000, -0.855771035515, 0.238187460231
-0.850000000000, -0.020000000000, -0.853850292787, 0.238412544337
-0.850000000000, -0.010000000000, -0.851926614717, 0.238637776971
-0.850000000000, 0.010000000000, -0.848070447519, 0.239088659698
-0.850000000000, 0.020000000000, -0.846137955040, 0.239314395830
-0.850000000000, 0.030000000000, -0.844202522747, 0.239540204686
-0.850000000000, 0.040000000000, -0.842264147848, 0.239766200818
-0.850000000000, 0.050000000000, -0.840322829783, 0.239992338562
-0.850000000000, 0.060000000000, -0.838378569111, 0.240218574097
-0.850000000000, 0.070000000000, -0.836431361362, 0.240444999201
-0.850000000000, 0.080000000000, -0.834481207654, 0.240671552391
-0.850000000000, 0.090000000000, -0.832528108684, 0.240898206676
-0.850000000000, 0.100000000000, -0.830572061241, 0.241125006115
-0.850000000000, 0.110000000000, -0.828613066580, 0.241351916204
-0.850000000000, 0.120000000000, -0.826651124284, 0.241578935469
-0.850000000000, 0.130000000000, -0.824686231837, 0.241806087765
-0.850000000000, 0.140000000000, -0.822718395106, 0.242033297828
-0.850000000000, 0.150000000000, -0.820747605711, 0.242260656983
-0.850000000000, 0.160000000000, -0.818773869937, 0.242488092327
-0.850000000000, 0.170000000000, -0.816797183454, 0.242715644486
-0.850000000000, 0.180000000000, -0.814817552269, 0.242943256397
-0.850000000000, 0.190000000000, -0.812834973168, 0.243170957943
-0.850000000000, 0.200000000000, -0.810849447548, 0.243398737443
-0.840000000000, -0.200000000000, -0.878096482158, 0.235303609615
-0.840000000000, -0.190000000000, -0.876219302416, 0.235525673799
-0.840000000000, -0.180000000000, -0.874339225888, 0.235747929377
-0.840000000000, -0.170000000000, -0.872456250340, 0.235970376116
-0.840000000000, -0.160000000000, -0.870570378006, 0.236193056384
-0.840000000000, -0.150000000000, -0.868681599945, 0.236415909967
-0.840000000000, -0.140000000000, -0.866789916158, 0.236638956959
-0.840000000000, -0.130000000000, -0.864895326644, 0.236862223623
-0.840000000000, -0.120000000000, -0.862997824699, 0.237085659443
-0.840000000000, -0.110000000000, -0.861097411579, 0.237309306209
-0.840000000000, -0.100000000000, -0.859194081277, 0.237533111187
-0.840000000000, -0.090000000000, -0.857287834911, 0.237757119313
-0.840000000000, -0.080000000000, -0.855378668010, 0.237981290956
-0.840000000000, -0.070000000000, -0.853466579877, 0.238205646280
-0.840000000000, -0.060000000000, -0.851551567577, 0.238430161701
-0.840000000000, -0.050000000000, -0.849633629993, 0.238654850333
-0.840000000000, -0.040000000000, -0.847712764330, 0.238879673970
-0.840000000000, -0.030000000000, -0.845788970590, 0.239104686196
-0.840000000000, -0.020000000000, -0.843862245977, 0.239329833098
-0.840000000000, -0.010000000000, -0.841932589933, 0.239555187761
-0.840000000000, 0.010000000000, -0.838064475730, 0.240006211777
-0.840000000000, 0.020000000000, -0.836126015335, 0.240231984413
-0.840000000000, 0.030000000000, -0.834184617922, 0.240457885137
-0.840000000000, 0.040000000000, -0.832240282372, 0.240683922644
-0.840000000000, 0.050000000000, -0.830293008685, 0.240910064343
-0.840000000000, 0.060000000000, -0.828342795745, 0.241136328090
-0.840000000000, 0.070000000000, -0.826389642432, 0.241362721603
-0.840000000000, 0.080000000000, -0.824433549028, 0.241589221872
-0.840000000000, 0.090000000000, -0.822474514693, 0.241815835280
-0.840000000000, 0.100000000000, -0.820512539428, 0.242042552760
-0.840000000000, 0.110000000000, -0.818547621206, 0.242269396979
-0.840000000000, 0.120000000000, -0.816579761356, 0.242496339968
-0.840000000000, 0.130000000000, -0.814608963579, 0.242723334142
-0.840000000000, 0.140000000000, -0.812635222077, 0.242950450294
-0.840000000000, 0.150000000000, -0.810658539087, 0.243177657674
-0.840000000000, 0.160000000000, -0.808678916842, 0.243404933201
-0.840000000000, 0.170000000000, -0.806696355343, 0.243632279541
-0.840000000000, 0.180000000000, -0.804710854031, 0.243859703580
-0.840000000000, 0.190000000000, -0.802722412348, 0.244087210771
-0.840000000000, 0.200000000000, -0.800731037557, 0.244314744929
-0.830000000000, -0.200000000000, -0.868216001987, 0.236216204674
-0.830000000000, -0.190000000000, -0.866332837567, 0.236438527213
-0.830000000000, -0.180000000000, -0.864446779434, 0.236661059780
-0.830000000000, -0.170000000000, -0.862557823956, 0.236883792829
-0.830000000000, -0.160000000000, -0.860665965825, 0.237106698334
-0.830000000000, -0.150000000000, -0.858771205618, 0.237329800766
-0.830000000000, -0.140000000000, -0.856873541325, 0.237553103316
-0.830000000000, -0.130000000000, -0.854972964898, 0.237776538902
-0.830000000000, -0.120000000000, -0.853069480509, 0.238000174038
-0.830000000000, -0.110000000000, -0.851163085923, 0.238224010169
-0.830000000000, -0.100000000000, -0.849253776670, 0.238448014970
-0.830000000000, -0.090000000000, -0.847341549711, 0.238672166029
-0.830000000000, -0.080000000000, -0.845426405221, 0.238896491268
-0.830000000000, -0.070000000000, -0.843508339534, 0.239120950279
-0.830000000000, -0.060000000000, -0.841587353870, 0.239345600718
-0.830000000000, -0.050000000000, -0.839663443901, 0.239570375737
-0.830000000000, -0.040000000000, -0.837736610323, 0.239795334610
-0.830000000000, -0.030000000000, -0.835806850344, 0.240020436632
-0.830000000000, -0.020000000000, -0.833874162287, 0.240245645241
-0.830000000000, -0.010000000000, -0.831938546151, 0.240471035029
-0.830000000000, 0.010000000000, -0.828058522940, 0.240922198131
-0.830000000000, 0.020000000000, -0.826114115305, 0.241147876948
-0.830000000000, 0.030000000000, -0.824166775122, 0.241373739285
-0.830000000000, 0.040000000000, -0.822216501832, 0.241599730740
-0.830000000000, 0.050000000000, -0.820263294876, 0.241825840495
-0.830000000000, 0.060000000000, -0.818307154812, 0.242052036259
-0.830000000000, 0.070000000000, -0.816348081082, 0.242278328840
-0.830000000000, 0.080000000000, -0.814386070892, 0.242504766814
-0.830000000000, 0.090000000000, -0.812421127036, 0.242731281370
-0.830000000000, 0.100000000000, -0.810453249514, 0.242957874343
-0.830000000000, 0.110000000000, -0.808482438326, 0.243184546914
-0.830000000000, 0.120000000000, -0.806508691236, 0.243411328686
-0.830000000000, 0.130000000000, -0.804532011598, 0.243638173725
-0.830000000000, 0.140000000000, -0.802552396059, 0.243865123285
-0.830000000000, 0.150000000000, -0.800569854694, 0.244092069120
-0.830000000000, 0.160000000000, -0.798584376276, 0.244319136076
-0.830000000000, 0.170000000000, -0.796595969796, 0.244546235542
-0.830000000000, 0.180000000000, -0.794604633003, 0.244773395301
-0.830000000000, 0.190000000000, -0.792610367294, 0.245000607550
-0.830000000000, 0.200000000000, -0.790613175463, 0.245227855209
-0.820000000000, -0.200000000000, -0.858335229009, 0.237127908415
-0.820000000000, -0.190000000000, -0.856446095560, 0.237350497165
-0.820000000000, -0.180000000000, -0.854554061964, 0.237573234638
-0.820000000000, -0.170000000000, -0.852659131587, 0.237796163399
-0.820000000000, -0.160000000000, -0.850761302956, 0.238019290352
-0.820000000000, -0.150000000000, -0.848860569298, 0.238242569996
-0.820000000000, -0.140000000000, -0.846956932917, 0.238466043190
-0.820000000000, -0.130000000000, -0.845050388575, 0.238689674353
-0.820000000000, -0.120000000000, -0.843140932918, 0.238913440059
-0.820000000000, -0.110000000000, -0.841228570417, 0.239137417480
-0.820000000000, -0.100000000000, -0.839313292131, 0.239361508740
-0.820000000000, -0.090000000000, -0.837395101413, 0.239585782112
-0.820000000000, -0.080000000000, -0.835473992676, 0.239810168290
-0.820000000000, -0.070000000000, -0.833549969271, 0.240034754557
-0.820000000000, -0.060000000000, -0.831623025611, 0.240259457270
-0.820000000000, -0.050000000000, -0.829693161696, 0.240484297556
-0.820000000000, -0.040000000000, -0.827760375291, 0.240709231611
-0.820000000000, -0.030000000000, -0.825824668072, 0.240934357781
-0.820000000000, -0.020000000000, -0.823886037245, 0.241159626876
-0.820000000000, -0.010000000000, -0.821944481134, 0.241384964378
-0.820000000000, 0.010000000000, -0.818052592501, 0.241836091756
-0.820000000000, 0.020000000000, -0.816102259979, 0.242061674977
-0.820000000000, 0.030000000000, -0.814148999378, 0.242287497312
-0.820000000000, 0.040000000000, -0.812192811817, 0.242513397943
-0.820000000000, 0.050000000000, -0.810233697295, 0.242739379211
-0.820000000000, 0.060000000000, -0.808271654695, 0.242965470705
-0.820000000000, 0.070000000000, -0.806306684017, 0.243191660490
-0.820000000000, 0.080000000000, -0.804338785261, 0.243417942623
-0.820000000000, 0.090000000000, -0.802367960662, 0.243644275411
-0.820000000000, 0.100000000000, -0.800394210219, 0.243870668387
-0.820000000000, 0.110000000000, -0.798417530581, 0.244097174811
-0.820000000000, 0.120000000000, -0.796437927336, 0.244323714907
-0.820000000000, 0.130000000000, -0.794455397688, 0.244550333229
-0.820000000000, 0.140000000000, -0.792469945550, 0.244776987447
-0.820000000000, 0.150000000000, -0.790481568128, 0.245003715762
-0.820000000000, 0.160000000000, -0.788490271568, 0.245230460229
-0.820000000000, 0.170000000000, -0.786496051619, 0.245457271352
-0.820000000000, 0.180000000000, -0.784498912096, 0.245684118925
-0.820000000000, 0.190000000000, -0.782498858124, 0.245910968366
-0.820000000000, 0.200000000000, -0.780495882779, 0.246137885512
-0.810000000000, -0.200000000000, -0.848454145901, 0.238038581153
-0.810000000000, -0.190000000000, -0.846559047885, 0.238261346670
-0.810000000000, -0.180000000000, -0.844661052525, 0.238484268169
-0.810000000000, -0.170000000000, -0.842760162055, 0.238707379331
-0.810000000000, -0.160000000000, -0.840856370330, 0.238930641865
-0.810000000000, -0.150000000000, -0.838949677348, 0.239154070092
-0.810000000000, -0.140000000000, -0.837040080875, 0.239377657887
-0.810000000000, -0.130000000000, -0.835127578676, 0.239601397188
-0.810000000000, -0.120000000000, -0.833212168654, 0.239825278981
-0.810000000000, -0.110000000000, -0.831293849275, 0.240049298728
-0.810000000000, -0.100000000000, -0.829372622108, 0.240273497837
-0.810000000000, -0.090000000000, -0.827448480204, 0.240497790436
-0.810000000000, -0.080000000000, -0.825521428138, 0.240722269272
-0.810000000000, -0.070000000000, -0.823591460288, 0.240946855864
-0.810000000000, -0.060000000000, -0.821658576652, 0.241171563538
-0.810000000000, -0.050000000000, -0.819722775556, 0.241396364581
-0.810000000000, -0.040000000000, -0.817784058675, 0.241621332640
-0.810000000000, -0.030000000000, -0.815842422098, 0.241846352379
-0.810000000000, -0.020000000000, -0.813897868618, 0.242071594498
-0.810000000000, -0.010000000000, -0.811950393766, 0.242296791856
-0.810000000000, 0.010000000000, -0.808046685532, 0.242747707806
-0.810000000000, 0.020000000000, -0.806090449914, 0.242973323088
-0.810000000000, 0.030000000000, -0.804131294042, 0.243198974243
-0.810000000000, 0.040000000000, -0.802169216797, 0.243424739021
-0.810000000000, 0.050000000000, -0.800204219297, 0.243650563916
-0.810000000000, 0.060000000000, -0.798236300424, 0.243876488722
-0.810000000000, 0.070000000000, -0.796265461855, 0.244102468773
-0.810000000000, 0.080000000000, -0.794291701913, 0.244328546605
-0.810000000000, 0.090000000000, -0.792315025915, 0.244554625566
-0.810000000000, 0.100000000000, -0.790335429087, 0.244780803889
-0.810000000000, 0.110000000000, -0.788352915505, 0.245007019535
-0.810000000000, 0.120000000000, -0.786367484182, 0.245233296464
-0.810000000000, 0.130000000000, -0.784379138821, 0.245459595362
-0.810000000000, 0.140000000000, -0.782387877256, 0.245685953134
-0.810000000000, 0.150000000000, -0.780393706262, 0.245912304364
-0.810000000000, 0.160000000000, -0.778396620043, 0.246138721930
-0.810000000000, 0.170000000000, -0.776396624185, 0.246365157610
-0.810000000000, 0.180000000000, -0.774393718690, 0.246591622083
-0.810000000000, 0.190000000000, -0.772387910262, 0.246818068925
-0.810000000000, 0.200000000000, -0.770379196107, 0.247044534792
-0.800000000000, -0.200000000000, -0.838572727516, 0.238948022368
-0.800000000000, -0.190000000000, -0.836671677791, 0.239170932429
-0.800000000000, -0.180000000000, -0.834767731559, 0.239393985453
-0.800000000000, -0.170000000000, -0.832860888541, 0.239617190100
-0.800000000000, -0.160000000000, -0.830951149017, 0.239840562553
-0.800000000000, -0.150000000000, -0.829038508795, 0.240064077468
-0.800000000000, -0.140000000000, -0.827122966200, 0.240287729816
-0.800000000000, -0.130000000000, -0.825204519555, 0.240511512977
-0.800000000000, -0.120000000000, -0.823283169419, 0.240735446753
-0.800000000000, -0.110000000000, -0.821358912438, 0.240959503382
-0.800000000000, -0.100000000000, -0.819431748614, 0.241183695555
-0.800000000000, -0.090000000000, -0.817501675989, 0.241408008093
-0.800000000000, -0.080000000000, -0.815568694845, 0.241632461229
-0.800000000000, -0.070000000000, -0.813632801548, 0.241857000560
-0.800000000000, -0.060000000000, -0.811693996936, 0.242081650196
-0.800000000000, -0.050000000000, -0.809752281010, 0.242306427666
-0.800000000000, -0.040000000000, -0.807807652652, 0.242531324850
-0.800000000000, -0.030000000000, -0.805860109627, 0.242756265118
-0.800000000000, -0.020000000000, -0.803909654170, 0.242981363586
-0.800000000000, -0.010000000000, -0.801956284046, 0.243206505228
-0.800000000000, 0.010000000000, -0.798040802032, 0.243657033279
-0.800000000000, 0.020000000000, -0.796078689024, 0.243882506237
-0.800000000000, 0.030000000000, -0.794113662466, 0.244107984086
-0.800000000000, 0.040000000000, -0.792145722639, 0.244333513651
-0.800000000000, 0.050000000000, -0.790174868982, 0.244559130287
-0.800000000000, 0.060000000000, -0.788201102614, 0.244784802538
-0.800000000000, 0.070000000000, -0.786224424094, 0.245010529286
-0.800000000000, 0.080000000000, -0.784244834259, 0.245236304561
-0.800000000000, 0.090000000000, -0.782262333110, 0.245462139494
-0.800000000000, 0.100000000000, -0.780276925117, 0.245687971413
-0.800000000000, 0.110000000000, -0.778288608044, 0.245913854987
-0.800000000000, 0.120000000000, -0.776297381893, 0.246139797794
-0.800000000000, 0.130000000000, -0.774303253368, 0.246365724968
-0.800000000000, 0.140000000000, -0.772306217998, 0.246591706990
-0.800000000000, 0.150000000000, -0.770306283608, 0.246817668216
-0.800000000000, 0.160000000000, -0.768303445727, 0.247043671305
-0.800000000000, 0.170000000000, -0.766297711059, 0.247269661967
-0.800000000000, 0.180000000000, -0.764289080165, 0.247495651048
-0.800000000000, 0.190000000000, -0.762277552485, 0.247721656271
-0.800000000000, 0.200000000000, -0.760263137519, 0.247947613504
-0.790000000000, -0.200000000000, -0.828690950945, 0.239856047579
-0.790000000000, -0.190000000000, -0.826783958450, 0.240079028787
-0.790000000000, -0.180000000000, -0.824874073220, 0.240302156853
-0.790000000000, -0.170000000000, -0.822961293161, 0.240525424686
-0.790000000000, -0.160000000000, -0.821045619249, 0.240748852956
-0.790000000000, -0.150000000000, -0.819127046317, 0.240972404738
-0.790000000000, -0.140000000000, -0.817205572128, 0.241196064749
-0.790000000000, -0.130000000000, -0.815281197801, 0.241419852695
-0.790000000000, -0.120000000000, -0.813353922777, 0.241643773321
-0.790000000000, -0.110000000000, -0.811423744261, 0.241867801733
-0.790000000000, -0.100000000000, -0.809490662813, 0.242091954725
-0.790000000000, -0.090000000000, -0.807554676826, 0.242316219419
-0.790000000000, -0.080000000000, -0.805615784973, 0.242540581823
-0.790000000000, -0.070000000000, -0.803673987184, 0.242765047622
-0.790000000000, -0.060000000000, -0.801729282271, 0.242989597482
-0.790000000000, -0.050000000000, -0.799781670794, 0.243214250492
-0.790000000000, -0.040000000000, -0.797831151634, 0.243438980018
-0.790000000000, -0.030000000000, -0.795877725631, 0.243663824608
-0.790000000000, -0.020000000000, -0.793921391107, 0.243888705377
-0.790000000000, -0.010000000000, -0.791962149739, 0.244113746290
-0.790000000000, 0.010000000000, -0.788034943119, 0.244563882069
-0.790000000000, 0.020000000000, -0.786066979542, 0.244789037495
-0.790000000000, 0.030000000000, -0.784096109122, 0.245014282101
-0.790000000000, 0.040000000000, -0.782122334372, 0.245239512685
-0.790000000000, 0.050000000000, -0.780145654455, 0.245464812543
-0.790000000000, 0.060000000000, -0.778166067973, 0.245690223954
-0.790000000000, 0.070000000000, -0.776183580235, 0.245915616407
-0.790000000000, 0.080000000000, -0.774198190123, 0.246141049256
-0.790000000000, 0.090000000000, -0.772209898755, 0.246366516943
-0.790000000000, 0.100000000000, -0.770218709484, 0.246591981391
-0.790000000000, 0.110000000000, -0.768224621192, 0.246817481495
-0.790000000000, 0.120000000000, -0.766227636114, 0.247042999769
-0.790000000000, 0.130000000000, -0.764227758166, 0.247268503970
-0.790000000000, 0.140000000000, -0.762224985659, 0.247494033327
-0.790000000000, 0.150000000000, -0.760219323635, 0.247719546778
-0.790000000000, 0.160000000000, -0.758210774325, 0.247945040833
-0.790000000000, 0.170000000000, -0.756199338287, 0.248170528124
-0.790000000000, 0.180000000000, -0.754185018881, 0.248395994235
-0.790000000000, 0.190000000000, -0.752167819737, 0.248621425529
-0.790000000000, 0.200000000000, -0.750147740543, 0.248846841810
-0.780000000000, -0.200000000000, -0.818808791111, 0.240762454595
-0.780000000000, -0.190000000000, -0.816895866394, 0.240985436024
-0.780000000000, -0.180000000000, -0.814980059490, 0.241208618391
-0.780000000000, -0.170000000000, -0.813061356288, 0.241431895280
-0.780000000000, -0.160000000000, -0.811139760772, 0.241655307784
-0.780000000000, -0.150000000000, -0.809215267003, 0.241878806018
-0.780000000000, -0.140000000000, -0.807287881128, 0.242102458906
-0.780000000000, -0.130000000000, -0.805357595952, 0.242326198284
-0.780000000000, -0.120000000000, -0.803424412943, 0.242550044554
-0.780000000000, -0.110000000000, -0.801488330215, 0.242773978476
-0.780000000000, -0.100000000000, -0.799549350701, 0.242998047520
-0.780000000000, -0.090000000000, -0.797607469931, 0.243222193153
-0.780000000000, -0.080000000000, -0.795662688464, 0.243446424633
-0.780000000000, -0.070000000000, -0.793715005741, 0.243670731799
-0.780000000000, -0.060000000000, -0.791764421761, 0.243895112084
-0.780000000000, -0.050000000000, -0.789810937643, 0.244119595424
-0.780000000000, -0.040000000000, -0.787854551990, 0.244344144373
-0.780000000000, -0.030000000000, -0.785895265639, 0.244568786799
-0.780000000000, -0.020000000000, -0.783933076635, 0.244793389852
-0.780000000000, -0.010000000000, -0.781967988610, 0.245018154828
-0.780000000000, 0.010000000000, -0.778029112145, 0.245467720344
-0.780000000000, 0.020000000000, -0.776055324823, 0.245692642217
-0.780000000000, 0.030000000000, -0.774078639597, 0.245917564384
-0.780000000000, 0.040000000000, -0.772099057585, 0.246142504155
-0.780000000000, 0.050000000000, -0.770116578788, 0.246367499701
-0.780000000000, 0.060000000000, -0.768131205440, 0.246592505881
-0.780000000000, 0.070000000000, -0.766142940335, 0.246817490896
-0.780000000000, 0.080000000000, -0.764151781797, 0.247042525688
-0.780000000000, 0.090000000000, -0.762157732900, 0.247267567628
-0.780000000000, 0.100000000000, -0.760160795599, 0.247492608481
-0.780000000000, 0.110000000000, -0.758160971850, 0.247717642983
-0.780000000000, 0.120000000000, -0.756158262491, 0.247942682106
-0.780000000000, 0.130000000000, -0.754152672552, 0.248167683221
-0.780000000000, 0.140000000000, -0.752144200355, 0.248392690456
-0.780000000000, 0.150000000000, -0.750132850930, 0.248617666514
-0.780000000000, 0.160000000000, -0.748118627071, 0.248842605149
-0.780000000000, 0.170000000000, -0.746101527661, 0.249067537459
-0.780000000000, 0.180000000000, -0.744081562548, 0.249292392565
-0.780000000000, 0.190000000000, -0.742058728170, 0.249517224608
-0.780000000000, 0.200000000000, -0.740033032000, 0.249741990766
-0.770000000000, -0.200000000000, -0.808926220983, 0.241667025017
-0.770000000000, -0.190000000000, -0.807007386535, 0.241890021337
-0.770000000000, -0.180000000000, -0.805085666478, 0.242113154889
-0.770000000000, -0.170000000000, -0.803161054105, 0.242336374981
-0.770000000000, -0.160000000000, -0.801233551651, 0.242559704424
-0.770000000000, -0.150000000000, -0.799303160235, 0.242783160623
-0.770000000000, -0.140000000000, -0.797369874269, 0.243006691958
-0.770000000000, -0.130000000000, -0.795433695987, 0.243230323830
-0.770000000000, -0.120000000000, -0.793494625390, 0.243454061335
-0.770000000000, -0.110000000000, -0.791552658007, 0.243677848546
-0.770000000000, -0.100000000000, -0.789607798867, 0.243901754033
-0.770000000000, -0.090000000000, -0.787660044059, 0.244125723184
-0.770000000000, -0.080000000000, -0.785709393024, 0.244349738842
-0.770000000000, -0.070000000000, -0.783755849395, 0.244573866739
-0.770000000000, -0.060000000000, -0.781799409539, 0.244798028936
-0.770000000000, -0.050000000000, -0.779840075970, 0.245022275497
-0.770000000000, -0.040000000000, -0.777877847292, 0.245246555018
-0.770000000000, -0.030000000000, -0.775912725180, 0.245470906305
-0.770000000000, -0.020000000000, -0.773944709077, 0.245695272450
-0.770000000000, -0.010000000000, -0.771973800659, 0.245919715592
-0.770000000000, 0.010000000000, -0.768023307994, 0.246368705709
-0.770000000000, 0.020000000000, -0.766043727100, 0.246593131102
-0.770000000000, 0.030000000000, -0.764061256126, 0.246817699103
-0.770000000000, 0.040000000000, -0.762075897865, 0.247042254853
-0.770000000000, 0.050000000000, -0.760087653995, 0.247266802063
-0.770000000000, 0.060000000000, -0.758096525073, 0.247491370923
-0.770000000000, 0.070000000000, -0.756102513894, 0.247715924668
-0.770000000000, 0.080000000000, -0.754105620459, 0.247940499250
-0.770000000000, 0.090000000000, -0.752105848677, 0.248165046952
-0.770000000000, 0.100000000000, -0.750103199109, 0.248389591324
-0.770000000000, 0.110000000000, -0.748097676923, 0.248614082021
-0.770000000000, 0.120000000000, -0.746089280024, 0.248838579806
-0.770000000000, 0.130000000000, -0.744078014977, 0.249063022852
-0.770000000000, 0.140000000000, -0.742063882202, 0.249287435427
-0.770000000000, 0.150000000000, -0.740046885051, 0.249511804796
-0.770000000000, 0.160000000000, -0.738027025759, 0.249736132283
-0.770000000000, 0.170000000000, -0.736004307121, 0.249960413744
-0.770000000000, 0.180000000000, -0.733978736401, 0.250184607116
-0.770000000000, 0.190000000000, -0.731950310804, 0.250408761882
-0.770000000000, 0.200000000000, -0.729919039831, 0.250632821532
-0.760000000000, -0.200000000000, -0.799043217301, 0.242569568345
-0.760000000000, -0.190000000000, -0.797118487023, 0.242792514935
-0.760000000000, -0.180000000000, -0.795190870576, 0.243015552372
-0.760000000000, -0.170000000000, -0.793260367960, 0.243238682622
-0.760000000000, -0.160000000000, -0.791326975683, 0.243461874383
-0.760000000000, -0.150000000000, -0.789390700310, 0.243685191657
-0.760000000000, -0.140000000000, -0.787451535836, 0.243908577871
-0.760000000000, -0.130000000000, -0.785509483516, 0.244132045420
-0.760000000000, -0.120000000000, -0.783564542234, 0.244355580197
-0.760000000000, -0.110000000000, -0.781616713107, 0.244579194398
-0.760000000000, -0.100000000000, -0.779665994598, 0.244802863981
-0.760000000000, -0.090000000000, -0.777712386847, 0.245026583032
-0.760000000000, -0.080000000000, -0.775755891949, 0.245250380571
-0.760000000000, -0.070000000000, -0.773796509765, 0.245474252710
-0.760000000000, -0.060000000000, -0.771834237501, 0.245698124291
-0.760000000000, -0.050000000000, -0.769869079068, 0.245922068051
-0.760000000000, -0.040000000000, -0.767901032791, 0.246146012705
-0.760000000000, -0.030000000000, -0.765930102021, 0.246370052152
-0.760000000000, -0.020000000000, -0.763956284523, 0.246594034199
-0.760000000000, -0.010000000000, -0.761979583651, 0.246818065877
-0.760000000000, 0.010000000000, -0.758017534018, 0.247266301346
-0.760000000000, 0.020000000000, -0.756032188609, 0.247490313860
-0.760000000000, 0.030000000000, -0.754043963179, 0.247714437785
-0.760000000000, 0.040000000000, -0.752052861080, 0.247938519457
-0.760000000000, 0.050000000000, -0.750058883987, 0.248162580260
-0.760000000000, 0.060000000000, -0.748062032461, 0.248386656317
-0.760000000000, 0.070000000000, -0.746062309295, 0.248610713336
-0.760000000000, 0.080000000000, -0.744059717283, 0.248834734112
-0.760000000000, 0.090000000000, -0.742054258659, 0.249058718726
-0.760000000000, 0.100000000000, -0.740045935661, 0.249282667193
-0.760000000000, 0.110000000000, -0.738034749404, 0.249506595353
-0.760000000000, 0.120000000000, -0.736020704359, 0.249730470124
-0.760000000000, 0.130000000000, -0.734003804141, 0.249954278824
-0.760000000000, 0.140000000000, -0.731984049361, 0.250178045879
-0.760000000000, 0.150000000000, -0.729961444438, 0.250401749523
-0.760000000000, 0.160000000000, -0.727935995534, 0.250625356313
-0.760000000000, 0.170000000000, -0.725907701254, 0.250848910191
-0.760000000000, 0.180000000000, -0.723876567185, 0.251072384627
-0.760000000000, 0.190000000000, -0.721842597239, 0.251295772433
-0.760000000000, 0.200000000000, -0.719805795327, 0.251519067822
-0.750000000000, -0.200000000000, -0.789159762114, 0.243469934073
-0.750000000000, -0.190000000000, -0.787229146063, 0.243692727402
-0.750000000000, -0.180000000000, -0.785295653343, 0.243915640122
-0.750000000000, -0.170000000000, -0.783359273197, 0.244138581356
-0.750000000000, -0.160000000000, -0.781420012191, 0.244361604992
-0.750000000000, -0.150000000000, -0.779477870464, 0.244584713014
-0.750000000000, -0.140000000000, -0.777532846481, 0.244807889406
-0.750000000000, -0.130000000000, -0.775584939122, 0.245031118185
-0.750000000000, -0.120000000000, -0.773634150624, 0.245254421326
-0.750000000000, -0.110000000000, -0.771680478752, 0.245477765790
-0.750000000000, -0.100000000000, -0.769723923504, 0.245701139933
-0.750000000000, -0.090000000000, -0.767764489353, 0.245924604028
-0.750000000000, -0.080000000000, -0.765802171826, 0.246148075035
-0.750000000000, -0.070000000000, -0.763836973161, 0.246371571106
-0.750000000000, -0.060000000000, -0.761868896149, 0.246595137021
-0.750000000000, -0.050000000000, -0.759897939116, 0.246818714488
-0.750000000000, -0.040000000000, -0.757924102619, 0.247042273681
-0.750000000000, -0.030000000000, -0.755947390012, 0.247265889877
-0.750000000000, -0.020000000000, -0.753967800736, 0.247489484830
-0.750000000000, -0.010000000000, -0.751985337026, 0.247713101968
-0.750000000000, 0.010000000000, -0.748011791334, 0.248160315673
-0.750000000000, 0.020000000000, -0.746020712703, 0.248383912138
-0.750000000000, 0.030000000000, -0.744026765227, 0.248607530650
-0.750000000000, 0.040000000000, -0.742029952258, 0.248831084042
-0.750000000000, 0.050000000000, -0.740030276030, 0.249054589635
-0.750000000000, 0.060000000000, -0.738027736545, 0.249278111290
-0.750000000000, 0.070000000000, -0.736022338830, 0.249501564233
-0.750000000000, 0.080000000000, -0.734014083445, 0.249724993230
-0.750000000000, 0.090000000000, -0.732002975419, 0.249948345552
-0.750000000000, 0.100000000000, -0.729989013076, 0.250171694270
-0.750000000000, 0.110000000000, -0.727972207312, 0.250394907228
-0.750000000000, 0.120000000000, -0.725952554494, 0.250618085497
-0.750000000000, 0.130000000000, -0.723930058815, 0.250841204968
-0.750000000000, 0.140000000000, -0.721904725581, 0.251064235872
-0.750000000000, 0.150000000000, -0.719876555353, 0.251287205891
-0.750000000000, 0.160000000000, -0.717845558748, 0.251510037324
-0.750000000000, 0.170000000000, -0.715811730176, 0.251732819981
-0.750000000000, 0.180000000000, -0.713775082492, 0.251955463216
-0.750000000000, 0.190000000000, -0.711735611781, 0.252178033682
-0.750000000000, 0.200000000000, -0.709693328245, 0.252400474074
-0.740000000000, -0.200000000000, -0.779275820288, 0.244367837859
-0.740000000000, -0.190000000000, -0.777339338511, 0.244590440963
-0.740000000000, -0.180000000000, -0.775399979576, 0.244813102189
-0.740000000000, -0.170000000000, -0.773457747325, 0.245035852785
-0.740000000000, -0.160000000000, -0.771512637287, 0.245258651295
-0.740000000000, -0.150000000000, -0.769564649463, 0.245481491363
-0.740000000000, -0.140000000000, -0.767613787204, 0.245704401964
-0.740000000000, -0.130000000000, -0.765660047717, 0.245927347637
-0.740000000000, -0.120000000000, -0.763703432679, 0.246150338882
-0.740000000000, -0.110000000000, -0.761743940413, 0.246373342689
-0.740000000000, -0.100000000000, -0.759781577066, 0.246596434360
-0.740000000000, -0.090000000000, -0.757816335931, 0.246819500801
-0.740000000000, -0.080000000000, -0.755848223716, 0.247042632863
-0.740000000000, -0.070000000000, -0.753877235949, 0.247265725124
-0.740000000000, -0.060000000000, -0.751903378777, 0.247488877068
-0.740000000000, -0.050000000000, -0.749926650524, 0.247712024425
-0.740000000000, -0.040000000000, -0.747947052307, 0.247935147296
-0.740000000000, -0.030000000000, -0.745964586362, 0.248158257317
-0.740000000000, -0.020000000000, -0.743979255483, 0.248381433099
-0.740000000000, -0.010000000000, -0.741991059110, 0.248604545446
-0.740000000000, 0.010000000000, -0.738006079942, 0.249050730502
-0.740000000000, 0.020000000000, -0.736009301618, 0.249273733330
-0.740000000000, 0.030000000000, -0.734009666741, 0.249496726621
-0.740000000000, 0.040000000000, -0.732007177547, 0.249719689958
-0.740000000000, 0.050000000000, -0.730001836270, 0.249942619194
-0.740000000000, 0.060000000000, -0.727993646264, 0.250165483778
-0.740000000000, 0.070000000000, -0.725982610881, 0.250388270536
-0.740000000000, 0.080000000000, -0.723968732078, 0.250611000120
-0.740000000000, 0.090000000000, -0.721952012926, 0.250833664544
-0.740000000000, 0.100000000000, -0.719932457060, 0.251056250221
-0.740000000000, 0.110000000000, -0.717910066992, 0.251278764353
-0.740000000000, 0.120000000000, -0.715884845238, 0.251501211708
-0.740000000000, 0.130000000000, -0.713856798224, 0.251723548414
-0.740000000000, 0.140000000000, -0.711825929582, 0.251945774322
-0.740000000000, 0.150000000000, -0.709792241268, 0.252167906806
-0.740000000000, 0.160000000000, -0.707755735517, 0.252389956138
-0.740000000000, 0.170000000000, -0.705716425460, 0.252611829585
-0.740000000000, 0.180000000000, -0.703674305789, 0.252833615665
-0.740000000000, 0.190000000000, -0.701629384516, 0.253055274252
-0.740000000000, 0.200000000000, -0.699581667781, 0.253276787874
-0.730000000000, -0.200000000000, -0.769391365349, 0.245263060949
-0.730000000000, -0.190000000000, -0.767449039221, 0.245485436667
-0.730000000000, -0.180000000000, -0.765503838658, 0.245707832850
-0.730000000000, -0.170000000000, -0.763555770926, 0.245930305400
-0.730000000000, -0.160000000000, -0.761604829878, 0.246152794124
-0.730000000000, -0.150000000000, -0.759651021659, 0.246375349988
-0.730000000000, -0.140000000000, -0.757694341522, 0.246597917656
-0.730000000000, -0.130000000000, -0.755734791979, 0.246820511537
-0.730000000000, -0.120000000000, -0.753772372752, 0.247043114669
-0.730000000000, -0.110000000000, -0.751807088032, 0.247265767122
-0.730000000000, -0.100000000000, -0.749838935584, 0.247488425064
-0.730000000000, -0.090000000000, -0.747867916524, 0.247711083106
-0.730000000000, -0.080000000000, -0.745894033089, 0.247933754925
-0.730000000000, -0.070000000000, -0.743917285278, 0.248156412319
-0.730000000000, -0.060000000000, -0.741937675327, 0.248379066312
-0.730000000000, -0.050000000000, -0.739955205470, 0.248601736811
-0.730000000000, -0.040000000000, -0.737969875149, 0.248824354779
-0.730000000000, -0.030000000000, -0.735981687158, 0.249046933387
-0.730000000000, -0.020000000000, -0.733990644291, 0.249269512377
-0.730000000000, -0.010000000000, -0.731996748224, 0.249492116425
-0.730000000000, 0.010000000000, -0.728000403196, 0.249937003859
-0.730000000000, 0.020000000000, -0.725997959822, 0.250159409200
-0.730000000000, 0.030000000000, -0.723992671072, 0.250381831576
-0.730000000000, 0.040000000000, -0.721984542534, 0.250604099083
-0.730000000000, 0.050000000000, -0.719973575324, 0.250826317010
-0.730000000000, 0.060000000000, -0.717959771678, 0.251048491286
-0.730000000000, 0.070000000000, -0.715943136625, 0.251270561914
-0.730000000000, 0.080000000000, -0.713923671842, 0.251492564417
-0.730000000000, 0.090000000000, -0.711901382357, 0.251714460138
-0.730000000000, 0.100000000000, -0.709876270371, 0.251936270128
-0.730000000000, 0.110000000000, -0.707848341018, 0.252157965937
-0.730000000000, 0.120000000000, -0.705817595311, 0.252379582384
-0.730000000000, 0.130000000000, -0.703784041386, 0.252601057579
-0.730000000000, 0.140000000000, -0.701747680083, 0.252822429030
-0.730000000000, 0.150000000000, -0.699708518386, 0.253043659905
-0.730000000000, 0.160000000000, -0.697666558251, 0.253264771857
-0.730000000000, 0.170000000000, -0.695621807640, 0.253485725915
-0.730000000000, 0.180000000000, -0.693574265577, 0.253706569745
-0.730000000000, 0.190000000000, -0.691523943096, 0.253927241579
-0.730000000000, 0.200000000000, -0.689470841736, 0.254147766597
-0.720000000000, -0.200000000000, -0.759506383538, 0.246155482126
-0.720000000000, -0.190000000000, -0.757558225840, 0.246377517235
-0.720000000000, -0.180000000000, -0.755607207119, 0.246599614905
-0.720000000000, -0.170000000000, -0.753653320670, 0.246821710918
-0.720000000000, -0.160000000000, -0.751696570963, 0.247043833516
-0.720000000000, -0.150000000000, -0.749736962467, 0.247266018534
-0.720000000000, -0.140000000000, -0.747774488479, 0.247488187868
-0.720000000000, -0.130000000000, -0.745809153467, 0.247710373093
-0.720000000000, -0.120000000000, -0.743840957992, 0.247932565611
-0.720000000000, -0.110000000000, -0.741869902611, 0.248154753695
-0.720000000000, -0.100000000000, -0.739895989001, 0.248376938341
-0.720000000000, -0.090000000000, -0.737919218838, 0.248599121006
-0.720000000000, -0.080000000000, -0.735939592123, 0.248821271223
-0.720000000000, -0.070000000000, -0.733957111090, 0.249043390910
-0.720000000000, -0.060000000000, -0.731971780211, 0.249265541452
-0.720000000000, -0.050000000000, -0.729983597249, 0.249487624134
-0.720000000000, -0.040000000000, -0.727992565697, 0.249709664993
-0.720000000000, -0.030000000000, -0.725998687372, 0.249931637677
-0.720000000000, -0.020000000000, -0.724001966044, 0.250153616087
-0.720000000000, -0.010000000000, -0.722002402693, 0.250375533573
-0.720000000000, 0.010000000000, -0.717994761094, 0.250819115401
-0.720000000000, 0.020000000000, -0.715986687876, 0.251040875682
-0.720000000000, 0.030000000000, -0.713975783810, 0.251262533801
-0.720000000000, 0.040000000000, -0.711962052807, 0.251484072105
-0.720000000000, 0.050000000000, -0.709945496544, 0.251705556961
-0.720000000000, 0.060000000000, -0.707926119491, 0.251926937475
-0.720000000000, 0.070000000000, -0.705903926119, 0.252148191716
-0.720000000000, 0.080000000000, -0.703878917545, 0.252369374349
-0.720000000000, 0.090000000000, -0.701851099357, 0.252590437800
-0.720000000000, 0.100000000000, -0.699820474070, 0.252811401657
-0.720000000000, 0.110000000000, -0.697787046432, 0.253032246444
-0.720000000000, 0.120000000000, -0.695750825666, 0.253252900593
-0.720000000000, 0.130000000000, -0.693711807579, 0.253473476501
-0.720000000000, 0.140000000000, -0.691670000553, 0.253693913375
-0.720000000000, 0.150000000000, -0.689625412412, 0.253914172378
-0.720000000000, 0.160000000000, -0.687578043994, 0.254134292951
-0.720000000000, 0.170000000000, -0.685527902073, 0.254354250302
-0.720000000000, 0.180000000000, -0.683474992588, 0.254574032401
-0.720000000000, 0.190000000000, -0.681419317424, 0.254793663266
-0.720000000000, 0.200000000000, -0.679360884335, 0.255013115889
-0.710000000000, -0.200000000000, -0.749620832875, 0.247044760150
-0.710000000000, -0.190000000000, -0.747666869313, 0.247266429453
-0.710000000000, -0.180000000000, -0.745710051432, 0.247488143053
-0.710000000000, -0.170000000000, -0.743750373367, 0.247709841130
-0.710000000000, -0.160000000000, -0.741787840426, 0.247931557596
-0.710000000000, -0.150000000000, -0.739822451631, 0.248153270184
-0.710000000000, -0.140000000000, -0.737854208797, 0.248374981339
-0.710000000000, -0.130000000000, -0.735883113742, 0.248596694274
-0.710000000000, -0.120000000000, -0.733909166604, 0.248818391509
-0.710000000000, -0.110000000000, -0.731932367384, 0.249040047212
-0.710000000000, -0.100000000000, -0.729952720553, 0.249261694969
-0.710000000000, -0.090000000000, -0.727970228344, 0.249483344610
-0.710000000000, -0.080000000000, -0.725984888524, 0.249704923653
-0.710000000000, -0.070000000000, -0.723996706679, 0.249926492704
-0.710000000000, -0.060000000000, -0.722005682252, 0.250147992841
-0.710000000000, -0.050000000000, -0.720011818595, 0.250369440258
-0.710000000000, -0.040000000000, -0.718015119061, 0.250590867483
-0.710000000000, -0.030000000000, -0.716015583649, 0.250812175761
-0.710000000000, -0.020000000000, -0.714013217390, 0.251033462291
-0.710000000000, -0.010000000000, -0.712008021399, 0.251254601611
-0.710000000000, 0.010000000000, -0.707989154756, 0.251696869735
-0.710000000000, 0.020000000000, -0.705975489691, 0.251917805774
-0.710000000000, 0.030000000000, -0.703959008306, 0.252138636813
-0.710000000000, 0.040000000000, -0.701939713955, 0.252359368542
-0.710000000000, 0.050000000000, -0.699917608872, 0.252580037052
-0.710000000000, 0.060000000000, -0.697892698646, 0.252800566617
-0.710000000000, 0.070000000000, -0.695864987746, 0.253020949694
-0.710000000000, 0.080000000000, -0.693834478408, 0.253241226294
-0.710000000000, 0.090000000000, -0.691801173985, 0.253461399096
-0.710000000000, 0.100000000000, -0.689765081182, 0.253681416956
-0.710000000000, 0.110000000000, -0.687726203911, 0.253901287141
-0.710000000000, 0.120000000000, -0.685684547480, 0.254120996129
-0.710000000000, 0.130000000000, -0.683640114963, 0.254340561532
-0.710000000000, 0.140000000000, -0.681592912227, 0.254559964483
-0.710000000000, 0.150000000000, -0.679542943463, 0.254779208668
-0.710000000000, 0.160000000000, -0.677490217611, 0.254998250046
-0.710000000000, 0.170000000000, -0.675434734672, 0.255217137696
-0.710000000000, 0.180000000000, -0.673376504704, 0.255435821728
-0.710000000000, 0.190000000000, -0.671315529943, 0.255654327564
-0.710000000000, 0.200000000000, -0.669251822680, 0.255872596206
